Data: 3
Neural: 7
Individual: 0.2347691825 1.4482810959 -19.6419786454 -29.4460034059 33.2317904928 22.8521241936 39.9890161748 -39.9859500549 0.0000000000 0.0000000000 28.0285410578 29.7875102674 5.9618730120 28.2817847881 0.0000000000 0.0000000000 28.8652375374 29.1910022080 22.9012359254 0.0000000000 0.0000000000 1.7435694786 13.3770801199 14.9533881099 29.3332282111 0.0000000000 0.0000000000 12.7361633112 27.9014072197 0.0000000000 9.7317803581 0.0000000000 9.5393680864 0.0000000000 9.2084089596 9.6623763228
