Data: 3
Neural: 10
Individual: 0.7324001490 -17.0635524381 -35.8149625864 -35.8149625864 -35.8149625864 35.8149625864 -35.8149625864 35.8149625864 35.8149625864 -35.8149625864 -35.8149625864 0.0000000000 0.0000000000 26.8612219398 0.0000000000 0.0000000000 3.5926806690 26.8612219398 0.0000000000 17.6533844312 0.0000000000 0.0000000000 26.8612219398 26.8612219398 26.8612219398 0.0000000000 26.8612219398 26.8612219398 26.8612219398 22.8538972315 26.8612219398 0.0000000000 26.6125558969 26.8612219398 23.2062372483 27.5580365642 0.0000000000 26.8612219398 0.0000000000 0.0000000000 27.0009135437 8.9537406466 0.0000000000 0.0000000000 8.9537406466 8.9537406466 8.9537406466 9.1077923054 8.9537406466 9.3203775086 0.0000000000
