Data: 3
Neural: 7
Individual: 0.0000000000 -11.2518442469 40.0000000000 40.0000000000 40.0000000000 -30.6669834827 -40.0000000000 40.0000000000 15.8715494328 30.0000000000 9.8746640772 9.2225857955 5.2202324425 0.0000000000 22.0967027459 27.1494543584 3.0526256838 0.0000000000 0.0000000000 30.0000000000 30.0000000000 0.0000000000 30.0000000000 0.0000000000 1.1679453481 30.0000000000 30.0000000000 0.0000000000 30.0000000000 0.0000000000 0.0000000000 10.0000000000 0.0000000000 10.0000000000 10.0000000000 0.0000000000